1491556	
1487531
1492472
1492587
1492372
1492602
1491732
1492617
1492627
1492633
1492020
1492693
1492697
1492719
1490856
1491844
1492316
1492740
1492761
1492480
1492780
1492798
1492801
1492806
1492528
1492733
1492900
1492922
1492930
1492935
1492945
1492948
1492956
1490850
1490759
1492977
1492474
1493008
1493022
1493026
1493073
1493078
1492670
1493096
1493093
1492547
1492759
1492850
1492876
1492815
1492993
1491556
1492742
1492860
1493047
1491073
1493127
1492670
1490934
1492102
1492951
1493029
1492977
1493096
1492788
1493154
1493159
1492783
1490872
1492588
1493173
1493065
1493230
1491536
1493241	
1493243
1493262
1492876